Best Route:
[21, 15, 49, 11, 99, 86, 91, 69, 14, 67, 28, 45, 32, 63, 34, 94, 83, 17, 70, 72, 73, 33, 35, 25, 76, 51, 56, 20, 60, 40, 13, 92, 43, 30, 53, 93, 95, 3, 24, 61, 55, 46, 19, 88, 18, 42, 27, 82, 22, 80, 77, 58, 57, 5, 8, 85, 66, 50, 62, 44, 9, 39, 38, 74, 48, 10, 2, 16, 87, 26, 31, 29, 64, 78, 59, 52, 100, 96, 65, 12, 68, 98, 6, 79, 37, 75, 23, 41, 89, 7, 36, 1, 71, 81, 84, 97, 4, 54, 90, 47, 21]

Distance:	2751.91954
Overall Min:	2751.91954
Overall Max:	5522.96629
Avg Min:	2994.19652
Avg Max:	5281.05742
Avg Distance:	3664.64997
Total Distance:	18323249.83856
Time Elapsed:	543.79466
Avg Time/Run:	10.75908
