Best Route:
[97, 45, 98, 17, 30, 33, 70, 7, 99, 2, 13, 27, 94, 74, 12, 76, 80, 92, 95, 15, 65, 48, 88, 41, 16, 10, 69, 61, 36, 51, 47, 58, 67, 93, 77, 79, 59, 84, 78, 21, 75, 66, 100, 1, 72, 90, 24, 23, 19, 46, 87, 37, 9, 60, 89, 31, 20, 40, 35, 5, 91, 18, 83, 43, 28, 62, 64, 57, 63, 22, 54, 49, 50, 39, 71, 38, 32, 96, 3, 82, 56, 86, 55, 29, 44, 52, 34, 14, 11, 4, 53, 8, 42, 81, 85, 26, 73, 6, 25, 68, 97]

Distance:	4498.87391
Overall Min:	4498.87391
Overall Max:	5311.02267
Avg Min:	4579.47112
Avg Max:	5253.21483
Avg Distance:	4915.71642
Total Distance:	44241.44782
Time Elapsed:	0.33716
Avg Time/Run:	0.08081
