Best Route:
[79, 30, 81, 15, 60, 20, 6, 40, 13, 1, 73, 21, 41, 3, 37, 68, 51, 10, 78, 44, 57, 58, 5, 62, 42, 80, 34, 46, 94, 75, 90, 70, 52, 83, 24, 38, 35, 14, 29, 72, 17, 43, 97, 99, 11, 18, 49, 50, 2, 77, 33, 84, 59, 16, 76, 82, 9, 8, 69, 47, 87, 55, 65, 85, 95, 39, 36, 54, 4, 31, 25, 98, 64, 12, 71, 66, 7, 89, 92, 74, 93, 91, 32, 96, 63, 27, 26, 88, 22, 67, 45, 53, 61, 100, 48, 56, 86, 23, 28, 19, 79]

Distance:	2573.33719
Overall Min:	2573.33719
Overall Max:	5561.00904
Avg Min:	2732.56322
Avg Max:	5266.43890
Avg Distance:	3445.73179
Total Distance:	17228658.93761
Time Elapsed:	545.55803
Avg Time/Run:	10.79496
