Best Route:
[86, 53, 21, 74, 15, 97, 8, 38, 7, 71, 13, 79, 32, 94, 68, 20, 81, 93, 47, 62, 12, 59, 72, 98, 17, 66, 1, 36, 73, 24, 85, 95, 70, 64, 49, 90, 56, 40, 84, 48, 89, 75, 30, 9, 2, 51, 99, 11, 96, 18, 69, 39, 37, 76, 5, 22, 27, 35, 26, 55, 63, 28, 87, 14, 43, 83, 58, 77, 31, 67, 80, 52, 50, 29, 25, 6, 33, 42, 57, 44, 78, 88, 82, 10, 16, 54, 41, 23, 46, 34, 92, 60, 4, 19, 3, 91, 45, 100, 65, 61, 86]

Distance:	3137.28000
Overall Min:	3137.28000
Overall Max:	5620.29951
Avg Min:	3364.70888
Avg Max:	5333.86497
Avg Distance:	4082.86554
Total Distance:	20414327.69729
Time Elapsed:	541.30618
Avg Time/Run:	10.71034
