Best Route:
[63, 99, 15, 95, 24, 71, 30, 81, 21, 39, 36, 83, 49, 47, 92, 73, 100, 45, 91, 55, 22, 53, 17, 50, 2, 79, 97, 98, 60, 40, 12, 93, 7, 3, 61, 18, 75, 72, 28, 14, 77, 48, 64, 6, 70, 89, 66, 74, 1, 23, 46, 33, 13, 8, 5, 76, 69, 85, 38, 90, 29, 16, 27, 78, 10, 42, 31, 51, 96, 19, 94, 86, 34, 52, 57, 88, 54, 20, 37, 43, 68, 32, 41, 87, 4, 35, 59, 65, 11, 26, 62, 25, 56, 84, 44, 67, 9, 80, 58, 82, 63]

Distance:	3040.60611
Overall Min:	3040.60611
Overall Max:	5545.95153
Avg Min:	3381.25930
Avg Max:	5302.93787
Avg Distance:	4107.77801
Total Distance:	20538890.07363
Time Elapsed:	537.67240
Avg Time/Run:	10.64138
